925
17 12
199 152
156 264
541 452
201 674
848 243
404 222
507 266
612 11
99 260
914 261
42 75
286 194
860 81
21 141
665 170
320 552
128 12
233 514
744 223
359 644
398 287
463 429
404 755
568 742
29 481
556 217
37 38
904 551
16 12
68 184
65 447
227 206
804 93
366 140
107 390
98 453
85 344
886 164
183 127
578 392
128 921
481 525
102 897
14 27
79 614
179 577
608 50
427 45
301 363
918 646
118 72
780 866
135 178
878 739
334 822
189 645
36 314
655 647
240 210
86 433
23 39
579 168
3 4
19 271
533 885
893 574
351 262
233 177
168 82
392 443
82 23
16 26
348 105
88 38
488 718
174 452
924 389
242 277
313 114
368 374
12 466
179 320
62 11
163 549
469 334
350 9
318 94
226 328
706 170
60 780
248 53
738 632
384 827
72 640
143 73
272 500
294 647
607 670
34 797
355 29
104 588
174 97
747 252
660 59
142 74
277 857
16 151
8 6
25 34
285 67
739 470
45 811
607 198
117 86
892 751
342 68
215 166
550 289
438 105
794 566
189 624
488 818
730 15
538 320
419 111
455 48
57 103
228 134
54 548
818 882
87 197
836 173
36 155
37 7
101 635
67 413
823 211
154 786
59 745
246 60
280 3
630 209
10 20
677 18
196 69
241 199
256 585
481 686
114 461
15 634
104 7
324 151
778 510
236 922
137 134
447 484
89 253
177 236
473 271
493 264
501 586
572 847
237 36
712 900
388 318
415 545
146 232
517 910
59 44
461 468
445 136
309 112
114 28
709 875
149 283
596 285
593 377
610 35
423 880
316 521
673 420
380 699
110 821
2 868
379 143
796 70
105 146
75 93
584 505
343 819
94 339
210 279
49 220
14 11
536 748
96 63
110 20
316 592
114 446
729 535
362 194
270 352
293 91
132 751
668 400
255 204
13 119
135 239
671 343
49 830
392 318
773 505
32 256
521 530
395 216
576 901
845 351
329 81
51 33
77 359
180 77
96 515
188 208
89 504
276 151
501 468
100 49
27 69
171 214
19 17
20 417
114 905
3 122
183 492
436 261
322 925
381 567
206 399
63 51
240 465
284 779
573 375
467 566
328 373
266 86
169 168
213 444
387 311
77 761
315 370
572 458
757 8
497 485
154 143
178 207
337 73
97 14
534 867
191 113
207 554
475 298
9 43
174 306
3 7
127 107
474 532
358 269
95 65
464 680
513 184
399 562
28 662
448 323
887 550
327 633
771 477
149 145
150 338
126 54
203 27
326 206
450 111
368 788
88 460
870 88
225 834
491 446
120 903
687 713
270 502
281 26
907 795
14 198
25 22
186 94
704 891
330 432
58 13
625 363
678 874
205 292
826 638
260 820
782 109
254 122
430 358
394 86
118 305
172 57
839 396
223 89
231 22
138 315
60 72
93 454
37 360
59 150
523 227
309 472
365 597
9 109
834 911
389 189
92 90
5 78
658 552
67 99
256 380
12 105
317 909
405 409
518 457
191 594
631 450
70 33
919 839
226 209
810 585
1 15
93 378
319 537
14 31
163 367
676 251
115 496
129 67
654 471
336 732
45 47
37 161
71 39
449 368
666 543
117 159
457 9
421 137
318 558
889 17
721 55
48 79
51 209
650 555
604 599
498 284
412 20
482 173
701 676
244 620
195 10
872 387
188 800
814 182
331 894
725 714
252 710
711 657
391 237
659 387
716 562
693 380
16 64
291 798
307 119
87 321
9 32
587 792
667 858
667 763
873 254
799 843
141 160
606 923
459 80
10 29
561 529
146 828
185 139
434 203
856 847
25 188
784 406
206 249
44 42
5 9
217 726
359 740
73 334
113 158
11 12
685 468
170 268
297 591
81 234
240 542
357 227
57 91
622 392
80 13
772 569
13 61
377 265
534 342
193 174
121 879
16 40
450 458
441 16
182 123
799 147
544 144
554 861
52 499
503 480
176 60
47 428
3 2
42 67
770 133
179 192
577 632
29 60
321 494
92 912
159 302
64 202
399 682
403 609
190 704
559 224
28 803
531 294
584 715
53 590
840 607
616 147
303 883
267 687
396 831
28 26
478 261
312 403
57 50
1 49
637 594
245 247
231 368
341 12
8 10
294 249
426 66
68 570
423 108
157 46
90 815
437 73
785 750
201 621
865 252
629 908
407 318
859 836
563 102
35 854
66 727
323 345
167 485
62 402
137 381
722 153
96 163
418 361
776 898
824 465
656 717
46 331
23 20
46 39
474 825
832 124
605 129
582 96
425 6
551 494
793 669
367 669
365 400
52 181
212 765
33 113
536 111
165 85
416 197
77 383
356 233
429 252
349 396
679 876
87 50
219 105
189 533
7 252
112 45
263 229
167 11
109 636
719 104
629 212
606 347
3 11
66 205
322 304
307 808
707 20
408 130
760 256
58 115
511 702
111 435
213 81
805 281
12 22
782 838
65 36
106 108
113 210
643 423
32 190
200 290
661 401
94 364
544 750
34 134
35 26
53 574
374 480
663 71
209 888
768 197
463 653
408 737
288 613
66 74
229 603
705 290
189 128
369 203
546 260
47 135
529 49
694 111
56 754
896 579
121 4
812 308
895 238
94 68
32 251
340 92
77 68
511 196
4 6
33 12
85 123
103 774
403 777
850 597
445 736
728 131
695 272
855 78
697 145
47 384
257 212
129 700
63 553
301 53
863 58
258 638
158 250
849 518
47 166
520 34
55 31
258 842
490 61
33 527
60 148
300 227
58 243
138 162
187 155
229 114
689 585
27 464
170 5
132 211
472 618
89 67
69 111
605 611
109 317
204 82
851 474
60 136
488 110
472 524
100 132
169 540
795 209
14 316
618 684
704 724
54 26
385 769
267 346
35 106
476 627
319 311
783 210
136 451
719 720
767 12
575 15
127 327
841 580
111 311
96 133
141 397
124 123
57 270
48 16
260 619
348 526
273 275
899 477
343 325
6 90
613 679
108 152
465 833
881 18
664 877
639 600
11 13
697 752
371 138
653 829
156 6
148 775
303 224
807 92
117 222
286 628
2 1
400 508
906 280
665 759
77 598
539 309
563 731
63 84
36 98
420 341
410 85
120 78
35 130
328 646
764 49
802 324
265 182
411 283
114 139
576 657
133 310
248 295
476 101
347 181
429 506
183 361
380 733
189 477
702 852
181 221
864 255
252 486
401 125
282 200
692 473
267 231
76 557
18 41
442 495
642 259
741 436
442 239
107 259
376 368
379 385
913 153
440 230
813 725
709 687
512 401
261 920
436 817
104 678
415 483
535 482
526 589
158 173
102 26
644 781
200 168
667 31
193 245
838 869
436 756
73 218
884 519
406 528
414 408
100 272
411 835
194 168
846 515
789 436
145 90
2 52
121 153
730 916
574 743
235 39
35 415
201 114
284 127
470 273
158 212
600 413
372 274
758 249
289 42
116 73
776 367
675 387
568 257
12 244
129 274
393 51
14 278
491 696
131 62
479 457
395 431
222 354
288 98
298 189
617 24
297 353
15 85
167 273
703 489
45 35
35 325
21 7
54 262
790 769
354 651
638 714
34 73
424 209
197 576
649 203
5 3
569 148
519 239
352 365
21 216
489 8
179 132
859 871
487 30
683 73
101 6
583 433
78 261
24 1
28 140
343 615
224 51
25 66
146 510
136 164
158 206
333 40
11 601
17 753
18 5
564 424
400 571
7 217
386 366
93 505
844 610
144 33
52 81
473 917
52 516
141 312
382 27
86 22
723 346
251 308
25 517
30 664
641 426
27 297
761 816
6 56
196 323
543 301
9 258
263 749
809 772
837 81
175 78
242 200
691 376
862 196
349 128
560 149
50 46
262 746
515 672
